63
32RTM.EXE
0
61204
152108
DPMI32VM.OVL
61205
91627
58344
MISSION.DAT
91628
614107
779951
CABIN0.BMP
614108
631915
51638
CABIN1.BMP
631916
651483
51638
CABIN2.BMP
651484
669585
51638
CABIN3.BMP
669586
687232
51638
CABIN4.BMP
687233
708047
51638
CABIN5.BMP
708048
732119
51638
EDPMI.SWP
732120
762608
4194304
HMIDRV.386
762609
830346
261425
HMIMDRV.386
830347
872535
117816
HMIDET.386
872536
891505
81990
LOADPATS.EXE
891506
918778
49194
PATCHES.INI
918779
922788
9825
DRUM.BNK
922789
924039
5404
MELODIC.BNK
924040
926888
5404
FIRSTENC.EXE
926889
1665457
2097152
SETUP.EXE
1665458
1734212
188279
SETUP.INI
1734213
1735314
3353
TEST.HMP
1735315
1743497
18643
TEST.RAW
1743498
1759628
22313
DOS4GW.EXE
1759629
1912126
254556
MUSIC\BABAYAGA.HMP
1912127
1919404
13141
MUSIC\QQPARADI.HMP
1919405
1927334
18684
MUSIC\QQFRONT.HMP
1927335
1935910
16880
MUSIC\QQDRAMA.HMP
1935911
1952025
33442
MUSIC\QQATMOSP.HMP
1952026
1964754
27464
MUSIC\QQFRONT2.HMP
1964755
1967884
9104
MUSIC\QQSUSPEN.HMP
1967885
1976681
22469
MUSIC\QQROCK.HMP
1976682
1993000
47046
MUSIC\QQESCAPE.HMP
1993001
1998860
21552
MUSIC\QQTRAVEL.HMP
1998861
2006788
30353
MUSIC\HALLKING.HMP
2006789
2019242
21136
MUSIC\GGOFKIEV.HMP
2019243
2022985
5745
MUSIC\BAREM.HMP
2022986
2043770
37033
MUSIC\JUPALT.HMP
2043771
2056717
29383
MUSIC\BLUEDAN.HMP
2056718
2063364
12723
MUSIC\VALKRIES.HMP
2063365
2080408
25763
MUSIC\INTRO.HMP
2080409
2094677
30084
FX\LAUNCH.RAW
2094678
2150361
51102
FX\LASER1.RAW
2150362
2158018
8354
FX\WIND.RAW
2158019
2206971
56152
FX\AIROPEN.RAW
2206972
2330485
129614
FX\LASER2.RAW
2330486
2343057
14606
FX\BOOM.RAW
2343058
2372198
93468
FX\MISSEXPL.RAW
2372199
2424476
49432
FX\ROAR.RAW
2424477
2426086
1488
FX\CLUNKIT.RAW
2426087
2429859
3470
FX\SHIPEXP.RAW
2429860
2454178
27880
FX\LASER4.RAW
2454179
2464216
9198
FX\STATION.RAW
2464217
2481898
16362
FX\CAMERA.RAW
2481899
2493810
11544
FX\NECM.RAW
2493811
2511506
16632
FX\LASER3.RAW
2511507
2521551
9198
FX\HYPE.RAW
2521552
2623091
94140
FX\SIREN.RAW
2623092
2644661
19232
FX\ECM.RAW
2644662
2676346
28472
FX\DAMAGE.RAW
2676347
2726533
47834
FX\CHIME.RAW
2726534
2762818
39276
FX\BONG.RAW
2762819
2783820
23612
FX\BIP.RAW
2783821
2801166
16842
FX\NOWT.RAW
2801166
2801166
0
